05227027504282408198001177
1
05227025004282415378001055
2
05227130204282415418001527
2
05227025204282407330000946
1
05227023404282412072001916
2
05227029504282417296001241
2
05227020304282409032001397
1
05227138904282411497001088
2
05227131104282415484003237
2
05227139804282415374000306
2
05227130504282413507001222
2
05227135304282416500000583
2
05227138004282411389001827
2
05227131804282418251000804
2
05227133904282416335002334
2
05227137104282417138000961
2
05227027204282408179000440
1
05227131904282412153003227
2
05227020204282414083001707
2
05227027604282413139003423
2
05227025204282412462001967
2
05227028704282413318000990
2
05227020204282417441001145
2
05227023104282419032001057
2
05227022104282418340002489
2
05227027204282413070003271
2
05227025404282415479001762
2
05227022004282418318001352
2
05227022104282418340002489
2
05227026204282410010003139
1
05227024304282419458001208
2
05227026004282410014001980
1